1594204018912 0.41837334632873535 0
1594204064090 0.578986644744873 1
1594204109215 0.6405066847801208 2
1594204154352 0.6803733110427856 3
1594204199549 0.7113866806030273 4
1594204244734 0.7347999811172485 5
1594204289886 0.7507733106613159 6
1594204334980 0.7662133574485779 7
1594204380118 0.7830399870872498 8
1594204425323 0.7954666614532471 9
1594204470501 0.8095999956130981 10
1594204515668 0.8198933601379395 11
1594204560880 0.8232799768447876 12
1594204605595 0.8358133435249329 13
1594204649535 0.846666693687439 14
1594204693490 0.8513866662979126 15
1594204737426 0.8570399880409241 16
1594204781378 0.860373318195343 17
1594204825325 0.86517333984375 18
1594204869268 0.8708533048629761 19
1594204913237 0.876800000667572 20
1594204957199 0.8797333240509033 21
1594205001162 0.8823999762535095 22
1594205045089 0.8831200003623962 23
1594205089041 0.8866400122642517 24
1594205133049 0.8908799886703491 25
1594205177036 0.8919733166694641 26
1594205221042 0.8958933353424072 27
1594205265005 0.8994133472442627 28
1594205309000 0.8982933163642883 29
1594205353061 0.9014666676521301 30
1594205397002 0.9008266925811768 31
1594205441162 0.9047200083732605 32
1594205486311 0.9084266424179077 33
1594205533050 0.9089866876602173 34
1594205579848 0.9077866673469543 35
1594205624899 0.9102399945259094 36
1594205670402 0.9078666567802429 37
1594205715443 0.9126133322715759 38
1594205761039 0.9114933609962463 39
1594205807792 0.9144266843795776 40
1594205851605 0.9108266830444336 41
1594205895473 0.917626678943634 42
1594205939329 0.9172800183296204 43
1594205983167 0.917680025100708 44
1594206027032 0.9192000031471252 45
1594206072027 0.9169066548347473 46
1594206116356 0.9194933176040649 47
1594206160603 0.9226666688919067 48
1594206204909 0.9222933053970337 49
