1594204018912 1.587980031967163 0
1594204064090 1.1748716831207275 1
1594204109215 1.0141081809997559 2
1594204154352 0.9015993475914001 3
1594204199549 0.8195788860321045 4
1594204244734 0.7514157295227051 5
1594204289886 0.703619658946991 6
1594204334980 0.6598003506660461 7
1594204380118 0.6080794334411621 8
1594204425323 0.578626275062561 9
1594204470501 0.5414430499076843 10
1594204515668 0.507375180721283 11
1594204560880 0.4950663149356842 12
1594204605595 0.46408703923225403 13
1594204649535 0.43546855449676514 14
1594204693490 0.42101016640663147 15
1594204737426 0.4060162901878357 16
1594204781378 0.39263826608657837 17
1594204825325 0.3815540075302124 18
1594204869268 0.3606439232826233 19
1594204913237 0.3481064438819885 20
1594204957199 0.3414486050605774 21
1594205001162 0.33476966619491577 22
1594205045089 0.3288138806819916 23
1594205089041 0.3209703266620636 24
1594205133049 0.3087823688983917 25
1594205177036 0.30641984939575195 26
1594205221042 0.30051305890083313 27
1594205265005 0.2920915484428406 28
1594205309000 0.289174348115921 29
1594205353061 0.27842918038368225 30
1594205397002 0.28331640362739563 31
1594205441162 0.2742144763469696 32
1594205486311 0.26393723487854004 33
1594205533050 0.26242175698280334 34
1594205579848 0.26488906145095825 35
1594205624899 0.25883549451828003 36
1594205670402 0.26272666454315186 37
1594205715443 0.24910122156143188 38
1594205761039 0.2519535720348358 39
1594205807792 0.24737387895584106 40
1594205851605 0.2549786865711212 41
1594205895473 0.23902903497219086 42
1594205939329 0.24027317762374878 43
1594205983167 0.23207978904247284 44
1594206027032 0.2381746917963028 45
1594206072027 0.23777520656585693 46
1594206116356 0.2324095070362091 47
1594206160603 0.22596833109855652 48
1594206204909 0.2246263325214386 49
