1594258499567 0.37541332840919495 0
1594258591396 0.5294399857521057 1
1594258685368 0.6062933206558228 2
1594258780926 0.6535733342170715 3
1594258875573 0.6810133457183838 4
1594258967727 0.7073066830635071 5
1594259059240 0.7336000204086304 6
1594259150763 0.7516533136367798 7
1594259243667 0.7724533081054688 8
1594259335891 0.7934933304786682 9
1594259428379 0.8074399828910828 10
1594259521502 0.8241333365440369 11
1594259613736 0.8381066918373108 12
1594259705872 0.8555466532707214 13
1594259800788 0.8616799712181091 14
1594259899280 0.8774666786193848 15
1594259998051 0.8842933177947998 16
1594260097003 0.8943466544151306 17
1594260196370 0.9019466638565063 18
1594260295454 0.9093599915504456 19
1594260395002 0.9161333441734314 20
1594260490061 0.9200000166893005 21
1594260581899 0.9251999855041504 22
1594260673658 0.9292799830436707 23
1594260765854 0.9307466745376587 24
1594260856747 0.936959981918335 25
1594260948099 0.938373327255249 26
1594261039502 0.9440799951553345 27
1594261136330 0.9461600184440613 28
1594261236069 0.9482666850090027 29
1594261335609 0.9513333439826965 30
1594261431533 0.9520800113677979 31
1594261523404 0.9529333114624023 32
1594261614853 0.9549333453178406 33
1594261707308 0.9571999907493591 34
1594261798936 0.9589866399765015 35
1594261890420 0.9582133293151855 36
1594261982685 0.9608266949653625 37
1594262080432 0.9617066383361816 38
1594262178983 0.9636266827583313 39
1594262278199 0.9647200107574463 40
1594262375373 0.9654933214187622 41
1594262468266 0.9672799706459045 42
1594262561592 0.9672799706459045 43
1594262652726 0.9692533612251282 44
1594262744168 0.9690399765968323 45
1594262835566 0.9701600074768066 46
1594262926648 0.9700000286102295 47
1594263018670 0.9718666672706604 48
1594263110722 0.9732533097267151 49
