1594258499567 2.0401298999786377 0
1594258591396 1.7399988174438477 1
1594258685368 1.631247878074646 2
1594258780926 1.5592892169952393 3
1594258875573 1.5126854181289673 4
1594258967727 1.4720518589019775 5
1594259059240 1.4342875480651855 6
1594259150763 1.4051998853683472 7
1594259243667 1.371067762374878 8
1594259335891 1.3396528959274292 9
1594259428379 1.3129290342330933 10
1594259521502 1.2850030660629272 11
1594259613736 1.2640386819839478 12
1594259705872 1.2380883693695068 13
1594259800788 1.2238399982452393 14
1594259899280 1.2024363279342651 15
1594259998051 1.1893433332443237 16
1594260097003 1.1736663579940796 17
1594260196370 1.162929892539978 18
1594260295454 1.1503887176513672 19
1594260395002 1.139815330505371 20
1594260490061 1.134087085723877 21
1594260581899 1.125025987625122 22
1594260673658 1.117752194404602 23
1594260765854 1.1159015893936157 24
1594260856747 1.108322024345398 25
1594260948099 1.1038020849227905 26
1594261039502 1.0953054428100586 27
1594261136330 1.0909016132354736 28
1594261236069 1.0867403745651245 29
1594261335609 1.084179162979126 30
1594261431533 1.0799980163574219 31
1594261523404 1.0784193277359009 32
1594261614853 1.0747932195663452 33
1594261707308 1.0713040828704834 34
1594261798936 1.0697733163833618 35
1594261890420 1.0679172277450562 36
1594261982685 1.065077781677246 37
1594262080432 1.0622717142105103 38
1594262178983 1.0593606233596802 39
1594262278199 1.0574092864990234 40
1594262375373 1.0559943914413452 41
1594262468266 1.0532042980194092 42
1594262561592 1.0523128509521484 43
1594262652726 1.0498908758163452 44
1594262744168 1.0493097305297852 45
1594262835566 1.047096848487854 46
1594262926648 1.047667145729065 47
1594263018670 1.0451829433441162 48
1594263110722 1.0415173768997192 49
