1594208818526 0.40511998534202576 0
1594208874834 0.5573066473007202 1
1594208931146 0.6303466558456421 2
1594208987464 0.6734399795532227 3
1594209043839 0.698906660079956 4
1594209100141 0.7230133414268494 5
1594209156409 0.740506649017334 6
1594209212710 0.7600533366203308 7
1594209268984 0.7763199806213379 8
1594209325296 0.7903466820716858 9
1594209381573 0.8029066920280457 10
1594209436302 0.8165599703788757 11
1594209491053 0.8259733319282532 12
1594209545758 0.8358133435249329 13
1594209600466 0.8489599823951721 14
1594209655178 0.8559466600418091 15
1594209709910 0.8633866906166077 16
1594209764634 0.867306649684906 17
1594209819558 0.8752800226211548 18
1594209874305 0.8819733262062073 19
1594209929085 0.8888266682624817 20
1594209983830 0.8931199908256531 21
1594210038580 0.8956266641616821 22
1594210093397 0.9025599956512451 23
1594210148169 0.9062666893005371 24
1594210202940 0.9095199704170227 25
1594210257747 0.9108800292015076 26
1594210312497 0.9157333374023438 27
1594210367284 0.9188266396522522 28
1594210422090 0.9174399971961975 29
1594210476860 0.9236800074577332 30
1594210531659 0.9229333400726318 31
1594210586472 0.9284533262252808 32
1594210641286 0.9306133389472961 33
1594210696100 0.9319733381271362 34
1594210750880 0.9324266910552979 35
1594210805648 0.9349866509437561 36
1594210860445 0.9351199865341187 37
1594210915575 0.9377333521842957 38
1594210973508 0.9396799802780151 39
1594211029436 0.9389066696166992 40
1594211085338 0.9437066912651062 41
1594211141227 0.9437066912651062 42
1594211197089 0.9454933404922485 43
1594211252928 0.9470400214195251 44
1594211308771 0.9454666376113892 45
1594211364685 0.9486666917800903 46
1594211420549 0.9475733041763306 47
1594211476430 0.9475200176239014 48
1594211532256 0.9523199796676636 49
