1594208818526 1.7096279859542847 0
1594208874834 1.245223045349121 1
1594208931146 1.0585300922393799 2
1594208987464 0.9422119855880737 3
1594209043839 0.860435962677002 4
1594209100141 0.7962444424629211 5
1594209156409 0.7456459403038025 6
1594209212710 0.6855124831199646 7
1594209268984 0.6382279396057129 8
1594209325296 0.5981650352478027 9
1594209381573 0.5634521245956421 10
1594209436302 0.5216032862663269 11
1594209491053 0.5023678541183472 12
1594209545758 0.4644661545753479 13
1594209600466 0.43243518471717834 14
1594209655178 0.4174112379550934 15
1594209709910 0.3914707601070404 16
1594209764634 0.3764224052429199 17
1594209819558 0.3597342371940613 18
1594209874305 0.33953723311424255 19
1594209929085 0.32395854592323303 20
1594209983830 0.3050869405269623 21
1594210038580 0.29947564005851746 22
1594210093397 0.277993381023407 23
1594210148169 0.2701314389705658 24
1594210202940 0.2636404037475586 25
1594210257747 0.25848937034606934 26
1594210312497 0.24746611714363098 27
1594210367284 0.23369869589805603 28
1594210422090 0.23624305427074432 29
1594210476860 0.2211698442697525 30
1594210531659 0.2226126343011856 31
1594210586472 0.20798702538013458 32
1594210641286 0.20319350063800812 33
1594210696100 0.19619788229465485 34
1594210750880 0.19562599062919617 35
1594210805648 0.18785780668258667 36
1594210860445 0.18719592690467834 37
1594210915575 0.18025226891040802 38
1594210973508 0.17751860618591309 39
1594211029436 0.17693524062633514 40
1594211085338 0.16544587910175323 41
1594211141227 0.16012832522392273 42
1594211197089 0.1612856239080429 43
1594211252928 0.15610025823116302 44
1594211308771 0.15680259466171265 45
1594211364685 0.15332472324371338 46
1594211420549 0.15622647106647491 47
1594211476430 0.15292797982692719 48
1594211532256 0.14225219190120697 49
